12345
103747380
666295696
553122451
757715577
648877033
647665347
827124057
962163417
907012583
1007816221
1068554871
1135160035
1131193507
1137872710
1100025186
1044587876
1094023791
1104186278
1092741475
1076225931
1106110161
1146675748
1179210353
1164487603
1144349991
1181386438
1207318623
1217987038
1197323469
1214201368
1214639825
1186690628
1201031891
1177717571
1168896687
1194156836
1190053534
1191859570
1168979723
1156082373
1146822797
1159202291
1161432679
1136437946
1111937282
1117327131
1120136894
1104176706
1088672892
1100340110
1112839163
1131698075
1116187486
1120751666
1114965141
1130964991
1121897772
1120870801
1117170868
1132529471
1147547162
1139085678
1125648136
1108385656
1095298748
1082609642
1068904957
1082824797
1097583707
1089713177
1096971967
1094923000
1105921971
1098823426
1105418941
1095786712
1092686362
1101956022
1103031632
1112613533
1103524639
1103465417
1114973188
1117605220
1125087205
1116014813
1121939478
1126580390
1115602938
1120073446
1117782651
1117483743
1125794746
1124392371
1125179170
1135201293
1132001956
1121765155
1131459287
1131371172
1132912018
1126138489
1119678963
1124073259
1118280650
1121167253
1128912535
1131066256
1125543660
1117757601
1110208272
1109322351
1111113468
1113149412
1106827864
1099213331
1107971344
1102480522
1108130564
1105866656
1111531746
1106521179
1112772708
1116595804
1108133791
1100771357
1098081919
1089619733
1084724776
1086855823
1090124732
1090472464
1083994217
1079212413
1084648024
1085134927
1091551129
1098226265
1097050954
1100282384
1096720747
1103183910
1095835523
1099934630
1103079890
1102703873
1103613721
1106699320
1103848629
1108336585
1110822898
1109499436
1105978259
1102082805
1105617156
1100310393
1095330785
1095748630
1091248029
1095019518
1100375333
1105113367
1098753468
1101870198
1101945330
1098306577
1100737617
1103386188
1099094879
1102501227
1101884688
1101369049
1105503718
1103114531
1100800613
1102333429
1099307137
1102305306
1098473539
1096592221
1095169403
1098354246
1103962392
1108369669
1103264551
1103843367
1104419160
1103756762
1102076486
1106670951
1110797139
1114927504
1110231236
1111451372
1113271085
1108452464
1105472548
1105151033
1104018627
1105744328
1110583770
1108449105
1103532740
1108348494
1104340137
1102485026
1099633571
1103962644
1107521090
1104577761
1109124517
1113201386
1108097310
1103976773
1105939704
1104528352
1105337390
1109898592
1108941910
1111315388
1109656107
1111691397
1109751210
1111080365
1112758801
1109824655
1113948251
1111695621
1112248359
1113976012
1112057536
1113424203
1114639366
1111480222
1112991294
1114912505
1114078789
1118374390
1121780190
1126026674
1124801961
1121240683
1118448515
1121386633
1119250082
1123093083
1125704593
1125636870
1125619502
1129077463
1125760601
1125624619
1123278366
1126864659
1130223827
1126143233
1125999486
1126900347
1123141925
1119908737
1122961752
1125098216
1125686141
1128685282
1129660605
1128776521
1130277116
1131924929
1130933845
1133837402
1132550902
1133421646
1135325400
1138300176
1138268786
1137529983
1139371760
1140403995
1141655256
1138526460
1136994789
1136122658
1132733113
1131826013
1134288168
1135809560
1134159165
1133547547
1129973211
1130707217
1131550113
1133797835
1136373428
1138441770
1136701936
1135299258
1138377436
1136075618
1133919474
1132799951
1134328151
1136330748
1139241047
1139275432
1141285463
1143077063
1142408633
1142758156
1141627896
1142773413
1143246439
1144580002
1147210377
1145782694
1148321412
1150312796
1147356188
1148202566
1145524189
1147630331
1146494320
1149026710
1148446918
1148692690
1148005055
1149308442
1149813161
1146634543
1145103806
1143902761
1140831426
1140755027
1142979228
1142109447
1138762173
1136615525
1135588565
1133766739
1132398530
1131947506
1133443756
1135136418
1137918587
1140369351
1140202525
1137313390
1134947838
1131893370
1131377501
1130486973
1130085804
1127823597
1126005679
1127737614
1128324845
1129808112
1130311794
1133090718
1133574871
1133984666
1134978630
1132527698
1129740904
1131088154
1131687502
1129414935
1129237429
1129178277
1131404860
1133300615
1135733942
1133368439
1131989855
1131946301
1133763444
1133934895
1134995681
1137572415
1138160245
1140247297
1139022577
1137975203
1135693366
1133464441
1132842133
1131149866
1129330214
1126819763
1125291914
1126278461
1127470588
1124837924
1125412359
1127793266
1128670369
1127860258
1130117294
1132356523
1131166295
1132676793
1132557233
1131662378
1129737523
1129618148
1131490125
1132679516
1130235397
1132233876
1132336291
1132241367
1133216411
1134372317
1133098920
1132905673
1132512652
1129899292
1130066993
1131407644
1133058655
1133510843
1133488619
1133036295
1133099626
1135046008
1135019044
1132714253
1134823515
1133451816
1134126193
1135510461
1135668480
1135025836
1133767958
1132255729
1132583267
1132007845
1129499494
1130829197
1131482095
1129568229
1128582672
1128646616
1130303071
1130698119
1130032501
1132241346
1131366192
1130896343
1128418839
1129071878
1127560327
1129519873
1131000067
1128622858
1128315999
1129925713
1127797532
1126098619
1126272927
1125359806
1125137320
1124843397
1123104293
1124874935
1125949728
1125762665
1123922375
1123154418
1124624737
1124954139
1124875765
1125147069
1123786468
1125566755
1126621803
1124567583
1126312268
1127098242
1126439685
1128142864
1130145082
1130779920
1129257445
1129146601
1127979501
1129277146
1128129163
1128852547
1126918597
1126745970
1127671024
1125483756
1126502257
1128549210
1127075258
1125301223
1127047640
1127944041
1128546219
1127873215
1128257687
1126828685
1126947677
1128672720
1126690663
1127431106
1128069290
1127073456
1128878101
1130102166
1130813600
1132213764
1131696947
1133179043
1133272191
1132580960
1131346220
1129243365
1127373594
1125633071
1124676909
1123709531
1124507910
1125429973
1124890659
1123755147
1122054152
1121613469
1121969303
1123073543
1121477481
1122012933
1123029461
1124300792
1125464943
1124171584
1125107017
1123286544
1121714617
1121753707
1123447008
1121970498
1121140310
1120000743
1121670697
1121817999
1123475308
1123148973
1124574066
1125344623
1124860217
1125775164
1126225478
1126695164
1127713739
1127722151
1126823374
1127074653
1128113098
1126487028
1127387364
1126291679
1124865717
1125690989
1125751969
1126221441
1127864832
1127956462
1127862655
1126566873
1125701128
1126537963
1124862667
1125864109
1126783198
1125163957
1126367991
1127526931
1125692790
1127158567
1128286517
1127781425
1127634288
1129336440
1129132501
1128419548
1128578340
1129503019
1130268467
1130343726
1128880032
1128206651
1129448215
1129658772
1129147024
1127804336
1126853811
1127479828
1129081608
1130308611
1128935128
1129665283
1127902565
1127960335
1128396442
1129642230
1128765321
1127451783
1128705827
1128675954
1128452359
1128929825
1128160205
1126820637
1125745941
1125433387
1125457227
1125189696
1126396720
1125436003
1126995999
1125804873
1125117625
1123833506
1123409831
1124553816
1125144300
1126040411
1127020795
1127635653
1129245430
1130558133
1129522891
1128903746
1127643471
1128810555
1127578085
1126474653
1126466552
1126307214
1124624704
1124743651
1123176798
1122162857
1121301376
1122334633
1121480136
1119926579
1118637289
1118516281
1117381594
1117042556
1118368634
1117614457
1118139963
1118721167
1119939405
1121321035
1122387959
1123077292
1124355387
1123170061
1123997770
1122678417
1123532142
1122002979
1122386726
1123775490
1123803614
1124406103
1123816159
1123176327
1123592946
1123284596
1123710246
1122650070
1121176785
1121330678
1121525694
1121253717
1120566542
1121583315
1121886923
1120956874
1120547748
1121529802
1121637481
1122995359
1123075095
1121589878
1120782945
1119828213
1118669532
1118932995
1119225420
1120226724
1120621046
1120403139
1120187299
1119308614
1117934178
1116469516
1115758678
1114200786
1113208945
1113519070
1112207697
1112302231
1111406874
1110869965
1109993407
1110550960
1110184478
1111250043
1112069483
1112549269
1113801648
1113648013
1114823974
1113508719
1114007352
1112851374
1111574400
1113000377
1113320979
1114472010
1114325620
1113723092
1114259708
1112799924
1113567548
1112810138
1114197535
1114545195
1114458171
1114964412
1114435885
1114899704
1115620060
1115786319
1116284561
1117569062
1117760280
1116942320
1118010630
1117643081
1118980225
1118537064
1118468036
1119505466
1118104123
1117974953
1116660831
1117554893
1117673593
1118460892
1117133336
1117786137
1118571766
1117521927
1116153205
1117345763
1116287165
1117030852
1117017362
1117049051
1117907281
1116940266
1116215101
1116367642
1115939079
1115576905
1116833178
1116257570
1115719803
1114738050
1114790601
1113378810
1112655669
1112521062
1113704674
1112428981
1112484975
1111294568
1111638724
1110796979
1111098838
1112151749
1112027499
1112293268
1112302901
1113482358
1112265454
1110894220
1111178594
1111878812
1111622894
1110279039
1109062404
1108109893
1109031537
1107827232
1107055144
1107525428
1106325599
1105839172
1106282719
1106901643
1107245916
1106235408
1105779347
1105223650
1105252565
1104075489
1103121484
1102839677
1102714077
1102379317
1101386063
1101034407
1099951683
1100001029
1100537830
1101327647
1100323843
1100924175
1101319542
1100148777
1099134925
1099498116
1100271237
1101055900
1100939096
1101128092
1099909050
1101021042
1100207281
1100343717
1099333583
1099957841
1100593639
1100108089
1099591365
1100278380
1101052389
1101988515
1103156243
1102162236
1102379141
1101802019
1101688659
1100428470
1099306665
1100015805
1100863831
1101046079
1101687147
1102474131
1101482199
1100600612
1100239922
1100423525
1100913978
1099865698
1099290426
1100417217
1101303762
1100475922
1099464914
1099056904
1099670779
1100184766
1100801215
1101682564
1100852232
1101744954
1102643670
1101709109
1101574426
1102478980
1103584923
1102725840
1101715855
1101268315
1100175364
1099105648
1099094384
1099932585
1098816415
1099571813
1100607404
1101013683
1101550068
1102550972
1103611786
1103339113
1103462809
1103916109
1102906081
1101810132
1102323278
1102594606
1103213768
1103413525
1104358667
1104983640
1104836880
1105313575
1104758204
1105074353
1105530505
1105280507
1104344416
1105120373
1104739528
1105406089
1105283358
1106054934
1105955086
1105048620
1104774692
1104449874
1104702729
1105655396
1106415221
1106788466
1105649959
1105225889
1104807064
1105831919
1105846343
1105525523
1104641858
1105287651
1105950619
1107047225
1107015854
1107043175
1106254770
1106053044
1106972209
1106582410
1105873743
1105143927
1105696756
1105099550
1104620390
1105096950
1105220763
1106065224
1105009607
1104090603
1104550532
1103553995
1103334262
1102669399
1102714243
1102990127
1102770606
1103008192
1102779762
1102284940
1103120153
1103576097
1103200225
1104237224
1103496365
1104430371
1105118902
1104120699
1103099332
1103281733
1102485885
1102145337
1102556203
1102454920
1101802291
1101914224
1102215045
1102379043
1101663001
1101767787
1101837007
1102529361
1102551302
1101458593
1101700569
1101882098
1101695245
1102049023
1101738994
1101330595
1100360797
1100642929
1100056130
1098996631
1099858655
1099294810
1098633781
