4
9
12
17
25
27
31
33
35
43
49
55
63
71
81
84
88
91
94
99
105
107
112
116
124
134
142
147
150
157
165
170
175
176
183
188
191
194
200
203
209
213
217
221
226
233
238
242
246
252
255
256
266
267
268
274
278
283
289
293
296
300
306
309
317
321
325
331
337
341
344
348
350
359
363
368
371
377
381
388
392
397
401
408
411
416
420
424
426
429
433
436
443
450
455
458
462
466
468
470
476
483
484
491
499
504
510
515
520
525
528
534
541
545
550
553
558
565
567
576
578
581
585
591
597
605
607
615
620
627
631
634
641
645
645
651
656
658
665
674
680
686
692
697
702
707
715
719
724
729
733
741
748
753
757
764
771
777
781
789
791
795
801
808
810
817
823
828
832
841
845
848
851
855
861
867
876
882
888
889
894
901
910
915
921
924
927
931
939
950
954
961
967
969
978
982
985
989
994
1000
