0
10760957486451224
640095187326505856
518495940646369536
582230142603773632
544420928908028672
466655319590371712
633761405326457600
709228502756624640
665680183556070272
706777540138772096
688460434619835264
688736917677922048
639745957189175296
597720792068830976
581849769323877888
596796037782484224
605187170121326848
575194186387885312
548923165530009856
528239231114796288
522982769805837312
536446861662737408
538440424644856576
522105033389041152
512162156633859072
528857350565449728
528126502407343104
513102067578386688
508381175394440960
500527687989432320
484892157550822144
495195499421091840
487418098281800192
491972822592450560
481030191236166144
491000083485414656
478702001761369600
466551539021544704
475303759567331072
470364651299041024
462680823321116928
458357385987430656
448154082929683968
465683517158976768
482572676588195072
473641494554168064
464145018823453440
466899597010678272
469339649644031232
466943110802940416
465930979225711872
475634077077588224
479576692773125632
471982031743438592
465395395535940608
471566296232268288
468122067154002176
460248966807826688
453385832131565056
460106481905750528
466442803504482816
463477946548350208
467611858879366656
479489396093662976
483356771101711360
486769376498962944
492194835632851200
498237390389118208
506149668754540544
503356967427378176
500106893413325568
493558389965412608
495720031353458944
492839243141604864
489617079469531648
490309683645677824
484763800145246976
485329826672243200
479354603514942720
480781673862319616
481609730816643328
475807492195260416
481134711230362624
476056222518588160
475278994204592384
476894531192015872
474529119172256512
471092683966235136
476583217125033472
473144729444468224
468479396626031616
463450205653157632
464943652855324160
460234376066840320
455499078611079680
460445738944710400
456740182193635072
462396270353546496
467075953738475520
462452216748419840
458158167570154496
458389861573286400
458279991300140544
455923644934625280
455145682894676736
451775229286881024
454010993581028608
450346715486287872
449577053236166912
452195308550281216
454484003427188992
450549925863911168
446960249166556928
443546176848399104
444318129633489664
447246348030066688
452430354986208000
452186016446700800
452216636825462272
449094343235304960
449296525171730432
448706614166552064
449895052035662336
448108286259515648
453502579349102336
456761577864198400
454111729068822528
459757382870870272
459311706214552576
456395887142419200
454338178102490368
450938064656345344
453154557594672128
452861854590030592
453520680076253184
450242554083425792
452619898354391808
455512569803806208
452450918801498368
450703948487263488
449318599108944640
452108205840740352
456690392745293568
455960392614208256
454271812250539264
451202171174712832
448275199364738048
446675739225299456
444908740917354752
444983590062134528
442989511221737984
440360392157858816
439397908856066048
438899966955554816
438022709489740544
439625986399715328
440736593369110016
437992252930829824
438475411738964992
438027823758090752
439942193771614464
440879896153300480
444784679589780224
443682113415115776
441010262538204928
440567409696630272
438931948764872192
437513228257545728
438051812386227712
437462652887975424
434984267339476480
432515641284708352
432987441663830016
431506457297360384
429991705067058432
427975891765147136
427192577357304064
426406073836663040
426665308043419648
424945126974019072
422976683688724736
422511402958629376
425970734005096448
427242223715226880
429766735049948416
427530833180839936
425318731472896768
423150858689706752
421457358164174080
423261506544992256
424308879747519744
425385892698939392
427449784289212672
425546549144790272
424021108678864640
426419662765613312
426015368505667072
423895056525124608
422030767929171968
420526723292241920
423152367968557824
421988346734074880
424826417386785280
427485158458585856
428703708126846464
427341612951626752
426970161535732480
428825346092346880
429429792367842560
429213849639217408
431551259617849856
433048822538672640
436574218984120832
438177109836370176
436976929600099072
435393465123092992
433538284875216640
436094056826373632
434312250341796608
433586386202452992
432241755486034432
431223067874646272
430137409591422720
428621420851257856
427358725337486592
427421770720272896
429407035229289216
428688845639265536
426894945636738048
425733416211146752
424748566427409920
423358937164076288
421893764839770368
422433836971819264
421180449919151104
420274407923177728
418673283595430656
421313136186736128
422329940647450880
424905366112666368
423511040158082304
424837410099336448
424990750757969152
425362436049599488
424751709872700160
426665160903815168
426629274405398528
424917041253829888
423217449212673792
424520698280635904
425597487848896000
423919946271988736
423643710812690432
425249183287540480
426465476731997184
429068797420736256
427411051960870144
425970197055430144
427990416042082048
429068517271143168
429863609672651008
429425043367250176
427889341461830656
428649304733194752
427289926291091968
425897496692195072
424909555126029056
424057664520582912
422751305474207232
423467612084644608
422359274698258176
421018401774871296
420471267018988544
421366989198763776
419840570033411072
418475550471612672
417909866925547776
416708195805748224
415656772434454272
416918588903183616
416099385728760064
414843563409359360
416634238272901120
415406048693350144
415681311790917376
414894930831837440
414236056224502272
412910449074236672
415178848775316736
413908361300582400
412697616852581120
412764352655811072
413304062507771648
413160775700844544
412657934603353088
411850896479896576
413282976352451328
413479673009721344
413491446030357760
412493720656954368
411830803425312768
411682768218011648
412894913391790592
411541520053121280
411428882643270912
411070933749400320
409873456493043200
408584632964846592
407661362828640256
406757339660745216
405523218045712640
404782477308002816
405658972153028352
405011186761089024
405759712143539456
405732845886008064
407228021785346048
406179247703758592
407198349428656640
407349289239905792
406498488098725888
407304967225618432
406156432819166464
404926293425936384
403837862226695168
403156701253875200
402010867713618176
404102935212186624
403649279202449408
402905824100344576
404814608172444416
403600887908533760
404039877258371328
403086466771984640
405640226159930624
405984867190778368
405139145268200192
405065883879118336
404509120396736512
403392042035601152
402975951926374656
402780962021945856
404265066645811200
405159433234407680
403998055049185024
405721892534843648
406497780520097792
408579792123266816
407505298478620160
406621879519662848
405523193106837248
406175790910764032
406195005290646016
406112652097068544
405094305867526912
404742818215697408
403702823252557568
405342930845402368
404301130220314368
403241638636381440
402484369316990976
403550155926888960
405260639867105792
404811028840450304
403836103287025664
404625962174622976
403538000286674944
402445689232950528
403187382600661248
403430365737032192
404542597126683648
405539597464242944
405164151299661568
404084423867429120
404247987210156544
403186764927754752
402544361687515904
403991993985808128
403059819107417088
403657118770004736
403171901829918976
402538284774482944
403484205168240896
404343947249067264
403445523403724288
403508443320752896
403749881982051584
405157281867115520
405026468544806656
404370173464220416
403894293233814016
405583492955352064
404683774092136704
405892737162782976
405171634567292672
404410938841436416
405417235467930880
406396783082215680
405946032808797184
405846343572078848
404842508386767872
404159845599916288
404652592080801792
403659207356357632
404084216693175808
403665730677585408
405107657224721664
405746693017582592
404761359086138112
403780234508388864
403190929984967680
402765161843515904
402461995915462656
401507669500148736
400606610139430144
402487057499959552
401535897538115328
401328870415412224
401515454712795136
400647616933216512
399698424386302208
398839852035184384
397900889736199168
398570935201587456
397635633834436096
398967341110357504
399934894807859200
399807953495571456
399073270157437952
398971313456779520
398058532409897216
397317642553419264
397087281753787904
397166925135479808
396302659532749824
395540153058237440
397386620811779840
397255847307599616
396540129267588864
397252614346728704
396782206846372608
395888345001977088
396212228880044800
395391157080082432
394701786272923392
395994817014300160
395453255482048768
394671413550201088
396550339700515584
395862978092552192
396017614508764928
396879004487950848
396997334307995904
398690422466313728
397858946118547968
398169938681772544
399370395560796928
399822235859048192
398967004751679744
398485111172443136
397645410385289984
396826479471911168
397371585767746048
397971746454244352
397654890111491072
396819688572048384
397553357256066560
396981702320597760
397150963061034240
396358753207342336
395521905127639552
394720448944355072
394763340456010240
395434569579260416
395132561844200192
396312826014682880
396935673602220288
396402287643303424
395784191105443584
396353751811446784
397459713049286656
396831072720784128
397130734386419712
396317855715118080
396163016668234752
396167909723927552
395997891183008000
395443444222294016
396465356488560896
395672493757949440
395288442608252672
396840438038533120
396548528132967424
397817292415540224
398090646658136832
398850670847927040
399565605287077632
399165033302958336
398547649904173568
397978614176034048
397259886038448640
397495212627370240
396713655884023552
397427877333629440
398626364656791808
398117538864950016
397540333591569408
397263088159471360
398141826764182784
398126836518963200
397607882134040576
397836575532231680
397199597340764672
397557393305556224
396791402831719168
396270459853632000
396293669111675904
397820693089464832
398870100030016256
399679813012941056
399390466136393472
399115311611079680
398687007155846400
398373109910090752
397768449119752704
397691888814340096
398463498177233920
397812798312758784
397129189871999744
397027557197972736
397633942036501248
397040443596684544
396847687078304000
396969011835791872
396953456823867392
397110860624122624
396842632792145920
397889373330307584
398484386072557824
397748642411722752
398565981259089152
399013578795806976
398654340843309312
398629310953165824
399419087965603328
398700735674802688
399475613097008640
398806330237856512
399196188548684288
398798261733136896
398205094328356096
397947108396124160
397340931262500864
396747219556411904
396609458049181184
395897452406750464
395637904394106368
394965377250348544
394862892371366144
395639735279547648
395390500032923904
395362903908094208
395806692437908480
395490275458964736
394793630584958208
394222094958265600
395059362187021824
394369827903711488
393682959493589504
393950556394368768
393689804668716800
393403305525181440
394326125470720256
394215997821842688
394017312980222464
394844679194551808
394998034935430400
395092164447750400
396358769479777536
396922699912893440
396979894651306496
396447447717661952
395781221134489856
396796709017445120
396143912537141760
395766915774332160
395108644038083072
394940590248004608
394616301706322432
393951934376347648
394552633938747392
394155721739396352
394406259537551104
393769727325890048
393264863186056192
393680603878297344
393561664087663872
393138988387473920
394020611036322816
394268327323227392
394747156889801216
394413462648598528
395634086612232192
394982162150070272
394445442740978176
394736120495904768
394553648864886016
394954810209960192
395265073477263104
394618704166295552
394004450081698048
393501224108388096
393223432883437568
393685832860401920
393757040574992128
393179038352860672
392543177524645632
391953254279747840
392222899392553984
392163547245239552
393044319509781760
393295911715524864
392959879346726656
393360095720322816
392843912954708224
393036618067247616
392629383371645696
392509466529721856
392491003451708672
392107163445465344
393121903826521344
393589915284822528
393647514254744832
393270634831643648
393660851213444608
393909146682963712
394259326299810560
394419137196274432
393802900589112064
393204794215879168
394406894085148672
393802593370098688
394769682014973440
394819717555140864
394687228325649408
394766884794553600
394630094412519936
395586009320708096
396056227914226688
395457365893891584
395689008859806720
395157999925323776
395702075592137216
395469935235223552
395047969568918528
394668276021985024
395043532644992768
395700133812509440
395850747389449984
395565502338441728
396047734232200960
396380485920119296
396237751856428288
396797725808002048
396686617805593344
397649219507251456
397152159995259904
397846859749775360
397253588938369536
396904763578404096
396547663116627200
396233546065847040
395762477154107136
395240247250763264
394777869497097728
394954547754992640
395841494077869056
395274575769610496
394719113069566464
394189798620764928
393933382379570944
394061685099610368
393548530490180864
393565661916916992
393106609286382592
393196003248422400
392632464021780224
393331164175316480
392765499759377408
393719148291295744
393600129229902592
393662931351474944
394026075214924288
393507304398700544
393001353261674496
393135323200168704
392680471015397376
392151840053157120
391624188897942016
391605985120905216
392372383028411392
393320197934964992
393116724243324928
394267739239628032
394402829356386048
393912879229480448
394572332732806656
394022141417910016
394035561343130112
393686035769747712
393679405872350976
393348597799540736
392893453114157568
393154647995668992
393085659244484864
392702244062361088
393279889858699776
392749855714941440
393198666292355584
393898839475297024
393532539335566080
393953032519108608
394587867713918976
395515799624630784
395045533484782592
395464003082712064
394936364720340736
394658908242399488
394328202198833408
395344373150563840
395235025951002112
395115750724217088
395988378302686208
395538335711575040
395006486570085120
394659143255516416
394330249089877760
393955413849260800
393806519557003520
393295523004957952
392949425983634432
393644818764658944
393142895014959360
393112966623216384
393436264408216576
393010355497856768
393820544414226432
393441651135511808
392920633190711808
393204632518899456
394156539502165248
393645638867359232
394423930724188928
394504225809767680
393993033794397440
393941168238717184
394755597632733184
394558519482908928
394507828255089664
394827064383149312
395734576060826112
396299636173807872
396635960407315456
396540027791347712
396022490903006976
395506934175167232
395556893364249856
395760686457138944
395651101443051776
395155854015488256
394785602273605888
394376147414960128
395086586603174656
394833243408275968
394548562761594368
394788717801561088
394283425064612352
395327958276843776
395228493163852544
394736572858629120
395325928654805504
396093663527952128
395590897726506240
396197942400664576
395786853223717376
395840856086956032
395410231281500928
395782674654040576
395293865774736128
394849926695437312
394351453826460928
394955930877293824
395632823685415680
396628116787982848
396194132047413248
396087309394266368
395643159924819200
396589132176272128
397276076401208832
397505923118216192
397690671767368192
398358596892929792
398341810972289024
398024795227162624
398689837782780160
398386507916732160
398052221950664192
397869710099484672
397474399044428288
397811407942831616
397490173889766912
397252002233601024
396764659485509632
397405635344845312
397660371435203584
397238443231608064
396765711990360320
396372929933493248
396697535772031232
396315751511991552
396796067094572544
396315934962338048
396072122787824128
396106056281581312
396457797621716736
396276096072689152
395926774736605184
396584111181568000
396958424816827904
396590221390682880
396610254160905984
396646393340869120
396182163874437888
395737486422799104
396504979218150400
397064993814350080
397145436769263104
396687682437462528
397071526278606080
396926731610276864
396795287414444544
396523102540160000
396278372691738624
396207765032974592
396245668620181504
396519225191820032
397206592988169216
397576607245829120
397148815135765760
396965240448008704
396510254924890624
397398453934991616
398006571136019200
397970526474776064
398120482167631104
397684363342790400
397573062369803520
397641630289210880
398024451766345984
398230558761147648
397880589353030400
397448605269693440
397196185884512768
397686441338138624
397513481392101120
398154513432845056
398377240959148544
398513666269951744
398943842116600320
398630643381889024
398501730052695552
398275624667317248
398151681862828544
398375556499507456
398524059820041984
398767774112238592
399021942960824064
399334842040620800
398896997816738304
399164254476197120
399789250921428480
399987425746932992
400435672982105088
400160262251719168
400765783873649920
401327805308133632
400875972887267328
401048938985959424
401705870004738560
401762879255104512
402268027596679168
401964798092763392
401772097319948800
402218809021897216
402777072891659520
402394664869392640
401960290465653760
401697693969080832
402168484063083520
402803120045656832
402593803984648448
402214370108420096
402115619029394176
401707366986386176
402072412625540096
401982990272650496
401559813376779776
401324388041531648
401163742054065920
400814343500595456
400564411683509248
400182677204477440
400544872225416704
400657446833664000
400352762886930688
400323157745385728
399900888863447808
400012255063892480
399586621275431680
399908706053851904
399544075525811712
399208477584024576
398835446568374528
399242875150659584
399345763019396608
399043974593165568
399815546128706816
399552062671760896
399285398128931072
399833328913876480
399404518460787712
399072359374725888
399373633198401536
399336020446660352
399320339359452160
400019752682044160
399594216547563264
399169364164538368
399328382173213184
398942268198860032
399313783619343104
399033464474509824
399084342701420288
399164835416728832
399031697190505728
398947729485952000
398744325288796928
398539454644830208
398134487713380864
398393298355580160
399034543313076480
399419858526084864
399202774238397696
399732164972579584
399360146421839360
399365435955298560
398950486505987072
398607395815963648
398238393849761536
397878183652697088
397514735007058432
397337492573231872
397597087999897344
397385473294223872
397110436505373184
397738579696043776
397858452602945280
398292320075121920
398341090192137216
398897369184412928
399499919150355200
399121674528317184
399328172038217216
399031563628398080
398787312345794816
398389149517106688
398397927019682816
398003238429231104
397685706930728192
397306678785261312
397405064208259072
397011569206651648
396612812128743424
396681844018102784
396280004045414912
397055801367458560
396711716378761728
396343150406330880
395977335484874240
395701670386231808
395398031358938112
395165302043061504
395701676304711936
395383107599284736
395328748292797184
396050278037821184
396394292846575872
396314788012026624
396354996169756672
